0.6558764379207933
0.3441235620792067
----------2-----------
0.44558476313636103
0.40027467323345806
0.15414056363018092
----------3-----------
0.32451535533124987
0.3565215263209816
0.2348844303209101
0.08407868802685847
----------4-----------
0.24724390341625954
0.30290415283245886
0.24774356766746378
0.14933545760240588
0.05277291848141198
----------5-----------

0.66
0.34
----------2-----------
0.45
0.40
0.15
----------3-----------
0.33
0.36
0.23
0.09
----------4-----------
0.250
0.300
0.250
0.15
0.05
----------5-----------